image: giim6th.pgm
resolution: 0.050000
origin: [-26.050000, -69.950003, 0.0]
negate: 0
occupied_thresh: 0.65
free_thresh: 0.196

